AXON , [4, 0] , [-2.26, -4.73, -11.01, -23.47]
FRPT , [4, 1] , [-0.16, -1.83, -6.94, -19.46]
K , [8, 1] , [-0.14, -1.34, -9.09, -24.51]
PAYO , [5, 1] , [-2.38, -4.87, -13.56, -27.91]
DOLE , [16, 4] , [-2.09, -3.93, -9.49, -24.42]
SFBC , [1, 0] , [1.27, -0.73, -9.2, -21.78]
CBT , [4, 1] , [-2.86, -4.74, -8.83, -16.92]
OPBK , [3, 0] , [0.09, 0.04, -1.64, -14.79]
AFBI , [6, 0] , [-0.05, -0.4, -1.07, -15.08]
RGA , [1, 0] , [-1.15, -1.68, -2.88, -12.1]
ALC , [6, 1] , [-0.16, -1.39, -3.87, -13.08]
SWI , [1, 0] , [-0.85, -1.36, -3.62, -6.21]
