[[5, 0], 'COKE', [-2.32, -5.29, -13.44, -29.93]]
[[5, 0], 'RXO', [0.22, 0.48, -3.15, -20.87]]
[[5, 1], 'ANF', [-0.92, -4.05, -2.25, -23.71]]
[[5, 1], 'CMA', [-0.27, -2.28, -5.99, -7.89]]
[[5, 1], 'CRVL', [0.81, -1.62, -8.4, -19.22]]
[[5, 1], 'DOGZ', [-15.71, -23.45, -30.06, -62.78]]
[[5, 1], 'MKC', [-1.15, -2.24, -6.44, -10.72]]
[[6, 0], 'BN', [-4.52, -5.93, -9.69, -17.17]]
[[6, 0], 'LPX', [-2.32, -2.76, -7.07, -19.45]]
[[6, 0], 'TDS', [-7.6, -8.22, -10.24, -19.65]]
[[6, 0], 'TGLS', [-4.27, -8.27, -15.74, -22.67]]
[[6, 1], 'MO', [-2.32, -3.7, -7.88, -17.04]]
[[7, 0], 'ABUS', [-1.65, -2.92, -8.24, -26.47]]
[[7, 1], 'IMPP', [-7.81, -6.71, -7.2, -21.42]]
[[7, 1], 'OSPN', [0.4, -2.5, -10.33, -25.29]]
[[7, 1], 'PLUS', [-1.73, -4.8, -12.37, -18.06]]
[[7, 2], 'ASMB', [-9.24, -10.31, -11.26, -22.86]]
[[7, 2], 'BDC', [-2.83, -5.7, -10.06, -19.72]]
[[7, 2], 'BFIN', [-0.39, -1.87, -7.16, -13.51]]
[[7, 2], 'GCI', [-13.41, -15.74, -18.96, -46.73]]
[[7, 2], 'NOVT', [-0.88, -2.43, -5.47, -10.29]]
[[7, 2], 'PNFP', [-4.5, -5.8, -10.75, -15.3]]
[[7, 2], 'SHW', [-0.84, -2.77, -8.62, -12.88]]
[[7, 2], 'SUPV', [1.66, -3.13, -7.22, -24.31]]
[[8, 1], 'CLPT', [-11.11, -21.31, -39.57, -47.53]]
[[8, 1], 'GGAL', [-1.0, -6.06, -12.14, -27.17]]
[[8, 2], 'BVS', [-7.12, -12.93, -26.27, -42.75]]
[[8, 2], 'ENVA', [0.1, -2.88, -11.96, -26.51]]
[[8, 2], 'LGND', [-2.25, -3.67, -9.53, -25.76]]
[[8, 2], 'REAX', [-3.08, -7.04, -18.04, -45.06]]
[[9, 1], 'BKU', [-2.9, -4.56, -11.44, -22.51]]
[[9, 1], 'LOCO', [-2.28, -6.54, -13.68, -27.83]]
[[9, 1], 'PBA', [-2.8, -3.44, -5.69, -11.54]]
[[9, 2], 'GPI', [-2.82, -5.08, -12.15, -20.07]]
[[9, 2], 'MELI', [-2.05, -6.26, -14.04, -19.8]]
[[9, 2], 'TMHC', [-4.02, -4.82, -9.2, -16.63]]
[[10, 1], 'FRPT', [-1.66, -3.77, -6.12, -21.41]]
[[10, 2], 'CYH', [-5.31, -8.02, -20.64, -34.47]]
[[10, 2], 'NVR', [-2.01, -3.83, -9.14, -17.05]]
[[11, 1], 'STRT', [2.46, -10.03, -26.09, -33.8]]
